5552
11786
12280
5973
5255
27448
24840
30113
18649
20992
17234
32580
8481
15725
28443
12147
22594
11159
29591
5192
23867
4865
30840
27469
11948
26095
28153
8830
13057
19172
28291
2037
16095
25130
29312
20525
29027
18410
29958
14726
13730
23103
14448
28502
9788
1961
11043
17986
17746
14350
23391
30789
20149
2098
11704
17909
30213
3754
27002
28606
20832
11389
27262
17824
18849
1675
21467
4576
25970
17615
11644
29453
32585
14113
174
28789
17505
26035
27148
2173
6245
18244
1155
2251
32703
7667
25050
25679
8235
12434
28768
228
6034
11600
10329
14640
11019
9009
15046
23699
