0 70.8600421747
1 59.8771923118
2 52.7393831147
3 46.536402901
4 41.3110984696
5 36.3960117102
6 31.580528948
7 27.3145367702
8 23.9394143224
9 21.3149372074
10 18.3891447054
11 15.681757364
12 13.6874555714
13 12.0726495981
14 10.3101072212
15 8.59124610821
16 7.20875627465
17 6.01740558114
18 4.95793268912
19 4.02282540583
20 3.21570063631
21 2.50567572398
22 1.93225825205
23 1.4403601177
24 1.06642850054
25 0.779580650851
26 0.550046739065
27 0.383112981864
28 0.2559650961
29 0.185574695287
30 0.13549457136
31 0.103220711268
32 0.0753984152753
33 0.0595397089556
34 0.0489672380758
35 0.0408987726486
36 0.0370036514748
37 0.0353343133207
38 0.0322738610622
39 0.030326300637
40 0.0289351860475
41 0.0283787402117
42 0.0269876254606
43 0.0258747334657
44 0.0247618417941
45 0.0244836187145
46 0.0239271728788
47 0.0230925041251
48 0.0225360581276
49 0.0219796121302
50 0.0208667204586
51 0.0203102746228
52 0.0194756057075
53 0.0186409369538
54 0.018084491118
55 0.018084491118
56 0.018084491118
57 0.0178062682001
58 0.0175280452822
59 0.0164151536107
60 0.0158587077749
61 0.0158587077749
62 0.015580484857
63 0.015580484857
64 0.0153022619391
65 0.0153022619391
66 0.0153022619391
67 0.0153022619391
68 0.0147458161033
69 0.0144675931854
70 0.0144675931854
71 0.0144675931854
72 0.0144675931854
73 0.0144675931854
74 0.0144675931854
75 0.0144675931854
76 0.0144675931854
77 0.0141893702676
78 0.0141893702676
