0 70.1944574563
1 53.3071093487
2 39.4114928113
3 27.164675476
4 17.0774249567
5 11.1776063689
6 7.94387185062
7 5.42575189035
8 3.76142230675
9 2.55790577844
10 1.72829558377
11 1.14761902198
12 0.749583169818
13 0.492682230819
14 0.304122959532
15 0.195540136404
16 0.125276200612
17 0.0909789008232
18 0.0730461683218
19 0.0625495759787
20 0.0523312060242
21 0.0457803202814
22 0.0390017977234
23 0.0342467148915
24 0.0309080398181
25 0.0290869443261
26 0.0277211227292
27 0.0261782501257
28 0.0251918232405
29 0.0245342053317
30 0.0232695551757
31 0.0218531471675
32 0.0202343955129
33 0.0189444528642
34 0.0175786312673
35 0.0161116377003
36 0.0147205231108
37 0.0139111473497
38 0.0132788225363
39 0.0130005996184
40 0.0127982556781
41 0.0125706187453
42 0.0125959117378
43 0.0125959117378
44 0.0126212047304
45 0.0126212047304
46 0.0126464977229
47 0.0126464977229
48 0.0126464977229
49 0.0126464977229
50 0.0126464977229
51 0.0126464977229
52 0.0126464977229
53 0.0126464977229
54 0.0126464977229
55 0.0126464977229
56 0.0126464977229
57 0.0126212047304
58 0.0126212047304
59 0.0126212047304
60 0.0126212047304
61 0.0126212047304
62 0.0126212047304
63 0.0126212047304
64 0.0126212047304
65 0.0126212047304
66 0.0126212047304
67 0.0126212047304
68 0.0126212047304
69 0.0126212047304
70 0.0126212047304
71 0.0126212047304
72 0.0126212047304
73 0.0126212047304
74 0.0126212047304
75 0.0126212047304
76 0.0126212047304
77 0.0126212047304
78 0.0126212047304
79 0.0126212047304
80 0.0126212047304
81 0.0126212047304
82 0.0126212047304
83 0.0126212047304
84 0.0126212047304
85 0.0126212047304
86 0.0126212047304
87 0.0126212047304
88 0.0126212047304
89 0.0126212047304
90 0.0126212047304
91 0.0126212047304
92 0.0126212047304
93 0.0126212047304
94 0.0126212047304
95 0.0126212047304
96 0.0126212047304
97 0.0126212047304
98 0.0126212047304
99 0.0126212047304
