0 0.0301252836944
1 0.0175113514706
2 0.0132461937319
3 0.0104797884997
4 0.00870507396758
5 0.00749323915807
6 0.00725014187628
7 0.00618959085841
8 0.0063565246237
9 0.0057341747015
10 0.00571800296166
11 0.00498088609311
12 0.00512590978178
13 0.00567679118831
14 0.00485829413083
15 0.00506539631169
16 0.00576130142144
17 0.00517911991483
18 0.0048447306981
19 0.00575034635403
20 0.00558393432584
21 0.00532936029049
22 0.00538100543054
23 0.00603778543882
24 0.00541178386629
25 0.00667422043625
26 0.00675925226096
27 0.00718336839054
28 0.00645198988786
29 0.00800343048468
30 0.00751201923413
31 0.00741864067095
32 0.00829086956219
33 0.00835451299645
34 0.00856578859384
35 0.00936133225332
36 0.00852927184314
37 0.00910832329828
38 0.00991638701817
39 0.00958147618803
40 0.0097995334072
41 0.011260203828
42 0.0117610050511
43 0.0103352864535
44 0.0120035807631
45 0.0127052242024
46 0.0130823901272
47 0.0138002053282
48 0.0109769380651
49 0.0138883671898
50 0.0127996461379
51 0.0153871194343
52 0.0146760858624
53 0.0150600333873
54 0.0153187809483
55 0.0204462556576
56 0.0154554579931
57 0.0153386042512
58 0.0168149245583
59 0.0161972697824
60 0.0203168821026
61 0.0180585811613
62 0.0191170455364
63 0.0196741871041
64 0.0216883473913
65 0.0172797307605
66 0.0228673166421
67 0.0234651485225
68 0.0189615886629
69 0.0228897487978
70 0.0208818483661
71 0.0206825710775
72 0.0186736277537
73 0.0176568968745
74 0.0227692432672
75 0.0215281951241
76 0.0217060837167
77 0.0227890665992
78 0.0258105674147
79 0.0254720053344
80 0.0171649639087
81 0.0238167525531
82 0.01923650752
83 0.0200148362637
84 0.0257657043549
85 0.0225903112587
86 0.0271382128849
87 0.0255528638081
88 0.0261939936026
89 0.0234635832749
90 0.0285112430865
91 0.0271888143907
92 0.02386057275
93 0.0236456455459
94 0.0247401047382
95 0.0222924387635
96 0.0204650356463
97 0.0271559494577
98 0.0267182699463
99 0.01951977305
100 0.0191619090765
101 0.0245382194698
102 0.0255695570668
103 0.0226101344888
104 0.0285451514646
105 0.0226330878359
106 0.0209110618162
107 0.0208202918293
108 0.026269113936
109 0.0189000316896
110 0.0234197633399
111 0.0282425840269
112 0.0254746132268
113 0.0212830111413
114 0.019320496096
115 0.0200915213645
116 0.0206189275777
117 0.0236336471862
118 0.0237557174405
119 0.0240916714538
120 0.019692967122
121 0.025003547169
122 0.0311435801559
123 0.0204008704022
124 0.0221505451191
125 0.0249894624285
126 0.0214134282432
127 0.022852188471
128 0.0287423418777
129 0.0234328049701
130 0.0264230060566
131 0.024628989835
132 0.0228902701492
133 0.0272446333838
134 0.0283135307836
135 0.0226263063087
136 0.0254725267296
137 0.0224630242155
138 0.0265142979042
139 0.0254652238073
140 0.0191973824403
141 0.0207942082343
142 0.0192834576592
143 0.0230858957366
144 0.0234901885851
145 0.0194931682054
146 0.0222903519898
147 0.0230937206361
148 0.0203356620914
149 0.0230243390251
150 0.0246582031832
151 0.0197899973864
152 0.0237984942651
153 0.025873689694
154 0.0210101787961
155 0.0254021016444
156 0.024318597134
157 0.0205203325313
158 0.0243691991054
159 0.0253770616691
160 0.0289040592615
161 0.0211343356641
162 0.0224938025494
163 0.023865267809
164 0.0209794004622
165 0.0218771909422
166 0.0191040040227
167 0.024727585027
168 0.0236712072947
169 0.0200748281786
170 0.0213909964659
171 0.0201775965106
172 0.0217728574644
173 0.024144360068
174 0.0210842558445
175 0.0244505793089
176 0.0228652301012
177 0.0219747428928
178 0.023638863815
179 0.0238151876547
180 0.0280855618767
181 0.0197926056426
182 0.0234912316664
183 0.0210336537566
184 0.0215099367488
185 0.0193105844955
186 0.0197748688952
187 0.0202094183041
188 0.0226002227864
189 0.0222407936526
190 0.0221541966603
191 0.0230624207761
192 0.0210466955032
193 0.0226247412938
194 0.0243754589901
195 0.0224708489841
196 0.0270912625128
197 0.0220076080295
198 0.0218396309065
199 0.0235986956686
200 0.0236419940484
201 0.0201942901476
202 0.0235407900909
203 0.0253994932864
204 0.0239007413911
205 0.0222642686131
206 0.0253676716966
207 0.0212178028305
208 0.0223623422935
209 0.0239226513368
210 0.0198922444542
211 0.0205005092139
212 0.0228986169386
213 0.0188927281415
214 0.0315374389465
215 0.0261371317029
216 0.0230238173972
217 0.020732651421
218 0.0304721930152
219 0.024024898099
220 0.01966636203
221 0.0242267838621
222 0.0226993397227
223 0.0211463341257
224 0.0217003455327
225 0.0188061315857
226 0.0221797584672
227 0.0214249049313
228 0.0213210930815
229 0.0234959266381
230 0.0247693184792
231 0.0201003896655
232 0.024032201487
233 0.0215725369344
234 0.0224734574149
235 0.0241913103964
236 0.0247411483724
237 0.0252189963066
238 0.0186391976313
239 0.0197190505423
240 0.0242872971721
241 0.0266666248208
242 0.0223957291164
243 0.0210174819222
244 0.0225000627688
245 0.0221088116377
246 0.0226534329995
247 0.028367784369
248 0.0223279121565
249 0.0220096948615
250 0.0205860626884
251 0.0255679920956
252 0.0237051157164
253 0.023232484702
254 0.0181728265306
255 0.0183048086183
256 0.020043528013
257 0.0208051631344
258 0.0242257403734
259 0.0247380183282
260 0.0239565595693
261 0.0296349157725
262 0.0213383080263
263 0.0220790766762
264 0.0230467706278
265 0.0234828850953
266 0.0258684729924
267 0.0186527611513
268 0.0194733447861
269 0.0216575689265
270 0.0220169980166
271 0.0225610975758
272 0.021259014582
273 0.0225850946445
274 0.0185818143073
275 0.0245929945377
276 0.0189031613845
277 0.0184660039668
278 0.0220712515584
279 0.0252909864212
280 0.0194874299632
281 0.0197378305456
282 0.0160251194029
283 0.0261538252817
284 0.0207670813252
285 0.0250572791556
286 0.0238923945144
287 0.0202589767869
288 0.0231432792643
289 0.0182077782665
290 0.0217264289095
291 0.0225955278147
292 0.0196507118817
293 0.0259133363434
294 0.0196861854929
295 0.0228172367497
296 0.0246065578103
297 0.0210253069527
298 0.0206408380473
299 0.0216523520357
