0 6.40874861349
1 3.88220615324
2 3.07440832257
3 2.71593152035
4 2.40696942914
5 2.17541614547
6 1.94765926008
7 1.84537195
8 1.80326156739
9 1.67515336296
10 1.58775545987
11 1.47647526746
12 1.43108004704
13 1.34877093407
14 1.35520596298
15 1.33390845581
16 1.25997294822
17 1.2571189177
18 1.18776063525
19 1.14004988929
20 1.13431490627
21 1.05345973354
22 1.07058390164
23 1.05596373774
24 1.00930304973
25 0.978204913648
26 0.945248961779
27 0.954376464529
28 0.933213569524
29 0.939406269801
30 0.98711701801
31 0.928609431421
32 0.897618986276
33 0.881706428293
34 0.836015039033
35 0.856208640541
36 0.883402685905
37 0.8575548861
38 0.840915353488
39 0.804109157123
40 0.81460983192
41 0.803166786359
42 0.780603805211
43 0.817733099534
44 0.74358220783
45 0.783269358198
46 0.728504319165
47 0.763129611169
48 0.728854333471
49 0.735720161409
50 0.745763112941
51 0.745493866083
52 0.724600219438
53 0.75184811853
54 0.721503864794
55 0.699210134635
56 0.725892615024
57 0.696033010289
58 0.705806710457
59 0.683216805074
60 0.690432648445
61 0.724869467048
62 0.686393927542
63 0.684320720874
64 0.652737927533
65 0.656318925922
66 0.672366105456
67 0.697567717608
68 0.647083719096
69 0.647945316028
70 0.687740170848
71 0.637310014797
72 0.648106866321
73 0.715795809764
74 0.673873895674
75 0.67605480379
76 0.701094870155
77 0.607073466263
78 0.676189429848
79 0.66501564166
80 0.66891973688
81 0.661246166114
82 0.631494260573
83 0.617439512749
84 0.622447528651
85 0.608500485654
86 0.643260398084
87 0.666442647156
88 0.618570357291
89 0.586583694413
90 0.595738128158
91 0.604973330102
92 0.622070582599
93 0.619755046923
94 0.624332264171
95 0.625113082013
96 0.614262390656
97 0.633432846441
98 0.616012501996
99 0.58854920752
100 0.696356112002
101 0.619162703984
102 0.6247630632
103 0.632436629835
104 0.600073021656
105 0.645145130599
106 0.613912363582
107 0.624359191035
108 0.60063844449
109 0.605457979855
110 0.570644213698
111 0.611516060458
112 0.587014490438
113 0.577429264423
114 0.628478685769
115 0.629501827362
116 0.620912816826
117 0.66383094264
118 0.588737678669
119 0.583568115478
120 0.604380987915
121 0.642533428712
122 0.583164243689
123 0.609604399576
124 0.552093025087
125 0.596492019136
126 0.584375862813
127 0.604354059173
128 0.586395224767
129 0.619216550577
130 0.605996478079
131 0.597272840359
132 0.607235018059
133 0.579502475598
134 0.634321360849
135 0.586422144871
136 0.572313550079
137 0.639625550098
138 0.624709210974
139 0.557801083496
140 0.591053215096
141 0.585506701722
142 0.584537409351
143 0.564963078021
144 0.576863844969
145 0.582248801666
146 0.60483871118
147 0.554839357163
148 0.587687615846
149 0.584375860185
150 0.68092819138
151 0.578290856473
152 0.576998467647
153 0.611973780343
154 0.583756590382
155 0.597595941696
156 0.625732355571
157 0.563051419768
158 0.569782620146
159 0.571425033793
160 0.593907242986
161 0.615043208499
162 0.579017830352
163 0.587741461312
164 0.558797299727
165 0.538899873819
166 0.584429710908
167 0.609550552608
168 0.578963974746
169 0.594903456963
170 0.565340027453
171 0.565420803163
172 0.581952626817
173 0.595980452659
174 0.568167133362
175 0.628747933379
176 0.623470668366
177 0.602200082053
178 0.574548308167
179 0.637794663799
180 0.597622862176
181 0.59385338663
182 0.586852942023
183 0.617277969591
184 0.631251936072
185 0.646760621138
186 0.550639085592
187 0.590083921599
188 0.609065901728
189 0.602577027354
190 0.637606188144
191 0.58101026131
192 0.582006478667
193 0.648833832313
194 0.641752606738
195 0.594661132463
196 0.640217896416
197 0.606696519084
198 0.655591963685
199 0.600880762232
200 0.637552337045
201 0.573228993979
202 0.601715436431
203 0.579690949
204 0.670615998623
205 0.649883902271
206 0.663750173314
207 0.629313350204
208 0.605107957287
209 0.591080137078
210 0.551285283009
211 0.607046545033
212 0.61186608603
213 0.621855181582
214 0.66816583764
215 0.633675173195
216 0.586314453939
217 0.683297577029
218 0.617251043478
219 0.589841595596
220 0.650072378677
221 0.624843834404
222 0.608042757132
223 0.615931727413
224 0.618435737241
225 0.664665615712
226 0.664046347412
227 0.596438172919
228 0.629447975887
229 0.666711901149
230 0.633863643968
231 0.635156033546
232 0.656372778523
233 0.632732803933
234 0.635425281906
235 0.623605294048
236 0.66687344994
237 0.632490483188
238 0.649722353105
239 0.632409707853
240 0.615608628704
241 0.648995383357
242 0.648133792434
243 0.666954223773
244 0.672823830222
245 0.692452007018
246 0.680497397609
247 0.596357397209
248 0.650933969225
249 0.672366109587
250 0.693717470107
251 0.714449566459
252 0.654838062943
253 0.677051027155
254 0.670589071008
255 0.735585535726
256 0.680874342159
257 0.704945113149
258 0.685290012494
259 0.628747933379
260 0.655188087389
261 0.681655165634
262 0.664854091742
263 0.666684978792
264 0.677562594384
265 0.7422359649
266 0.651930189962
267 0.707395278263
268 0.650745497701
269 0.71754592561
270 0.699048584718
271 0.709953129051
272 0.735316292623
273 0.687282446832
274 0.658176734953
275 0.724438674778
276 0.702737279296
277 0.628801782976
278 0.688467140595
279 0.69056727638
280 0.679555024591
281 0.687982493846
282 0.68321680545
283 0.686609328935
284 0.724223271132
285 0.663157828498
286 0.702306485149
287 0.693071281327
288 0.687309376325
289 0.682839857895
290 0.71905371057
291 0.743636052545
292 0.704433544419
293 0.751255771085
294 0.741751320029
295 0.696894604593
296 0.701687215722
297 0.741185895318
298 0.750367251045
299 0.764314299299
300 0.712699458874
301 0.775622714671
302 0.744066848945
303 0.691940435659
304 0.724923317771
305 0.739866580754
306 0.691563490733
307 0.677697219315
308 0.698133143822
309 0.767329882365
310 0.705699009385
311 0.80281677055
312 0.673173853917
313 0.769106910804
314 0.727373477252
315 0.734266224918
316 0.733458480212
317 0.772687910695
318 0.700717923727
319 0.718192120023
320 0.758740865821
321 0.686878575793
322 0.782300066203
323 0.691563491109
324 0.717680547912
325 0.783134737773
326 0.758498537564
327 0.824087353483
328 0.737093327447
329 0.746355461512
330 0.741859015468
331 0.777615153141
332 0.71891908639
333 0.731816063184
334 0.782811636811
335 0.69105192388
336 0.704756642376
337 0.826483667498
338 0.781815423961
339 0.82217569861
340 0.734023901168
341 0.740458929701
342 0.732893058504
343 0.77624198898
344 0.785638741218
345 0.73803569408
346 0.772122491617
347 0.777938250723
348 0.788519698601
349 0.796435589737
350 0.784104032397
351 0.684213020553
352 0.844173261055
353 0.847538854671
354 0.773280262647
355 0.798751117151
356 0.742478290528
357 0.775461165129
358 0.732004541093
359 0.76571438807
360 0.800689701892
361 0.737901074406
362 0.844280954616
363 0.775164997791
364 0.815013698077
365 0.834291858689
366 0.814125185171
367 0.847781179548
368 0.827291407322
369 0.817894656962
370 0.8485081523
371 0.841911572347
372 0.876321466339
373 0.829041521666
374 0.85825492673
375 0.816656111349
376 0.867894006472
377 0.857824133709
378 0.741347444484
379 0.851846823183
380 0.819644764546
381 0.813236662127
382 0.809278716183
383 0.887360637106
384 0.758713942337
385 0.854108507384
386 0.848077354397
387 0.832514819734
388 0.828583799152
389 0.789677463247
390 0.889029976491
391 0.870317238338
392 0.809386412373
393 0.873548215661
394 0.914931636784
395 0.900392243338
396 0.826268263477
397 0.919212681812
398 0.864555320567
399 0.863693744665
400 0.915685525134
401 0.855400898088
402 0.88025249293
403 0.832945621017
404 0.937225362812
405 0.880494812924
406 0.846892662887
407 0.90957360207
408 0.909546665066
409 0.974623917512
410 0.914689308904
411 0.909896697398
412 0.778826767383
413 0.860193508467
414 0.957122792099
415 0.92664391944
416 0.924436089342
417 0.89716126226
418 0.933967464634
419 0.879040877185
420 0.895572703091
421 0.970127470341
422 0.93286354996
423 0.909465897243
424 0.936929195849
425 0.962561603275
426 0.928663277638
427 0.949556922029
428 0.948749188965
429 0.905373328996
430 0.96409631172
431 0.979578083066
432 0.972146831919
433 0.985797701193
434 0.897807460804
435 0.960273000472
436 0.949233828954
437 0.910058242059
438 1.00152178953
439 0.914823933835
440 0.984047595862
441 0.845546423713
442 0.975539351273
443 0.930063367911
444 0.920155046568
445 0.990267219247
446 0.911000615076
447 0.993309727299
448 0.912804572633
449 1.03426234564
450 0.984478391887
451 1.02648108131
452 0.901199980158
453 0.985339984688
454 0.926455445287
455 0.927909384782
456 1.04263596267
457 0.989594106232
458 0.948641480007
459 0.917462569722
460 0.950795473651
461 0.92661699896
462 1.01767666863
463 0.937306139648
464 0.969185105585
465 0.998506213598
466 0.958092084094
467 1.03757409754
468 0.988786361901
469 1.00512971215
470 0.995679105812
471 1.00381039534
472 0.961592314284
473 0.96064994352
474 1.04419759685
475 0.980816621544
476 0.988274790166
477 0.97370846197
478 0.98612080178
479 0.991290363844
480 0.995948360181
481 1.09454698019
482 0.994682891084
483 0.948964577964
484 0.922389798647
485 0.968431207472
486 0.97804335697
487 1.02607720126
488 1.04885558793
489 1.04939407714
490 1.10429374937
491 0.980358897528
492 1.00413349592
493 0.972281458728
494 1.03181218203
495 1.02771961791
496 0.968969709826
497 1.02736959985
498 1.03385846746
499 1.05464441942
