0 0.876205726266
1 0.662411056757
2 0.55567027241
3 0.302365584373
4 0.193583332449
5 0.150722956508
6 0.126675480753
7 0.111710536852
8 0.101009014472
9 0.0924134615064
10 0.0850480766594
11 0.0786624600738
12 0.0731438302249
13 0.0682009214163
14 0.0636348159611
15 0.0595036058128
16 0.0558333333582
17 0.0525751203299
18 0.0496105769277
19 0.0468713944033
20 0.0443938301131
21 0.0422023236752
22 0.0401750801504
23 0.0383032850549
24 0.0365789263695
25 0.0349525241926
26 0.0334226763621
27 0.0320372595266
28 0.0307225560769
29 0.0294955930486
30 0.0283343350142
31 0.0272393830493
32 0.0261648637243
33 0.0251862980984
34 0.024255609028
35 0.0233810095862
36 0.0225500800647
37 0.0217550081015
38 0.0209911859594
39 0.0202554086782
40 0.019553084895
41 0.0188852163404
42 0.0182399838977
43 0.0176528444886
44 0.0170540865697
45 0.016489182841
46 0.0159647436254
47 0.0154615384061
48 0.0149705528654
49 0.0145234374516
50 0.0140813301783
51 0.0136418269202
52 0.0132552083582
53 0.0128569712304
54 0.0124739583489
55 0.0121079727914
56 0.0117654246651
57 0.0114148637559
58 0.0110837339051
59 0.0107566105481
60 0.0104569310602
61 0.0101604566723
62 0.00986818914302
63 0.0095969551336
64 0.00934575323947
65 0.009075721181
66 0.00882251607254
67 0.00857512027957
68 0.00834114588797
69 0.00811899038963
70 0.00790805290453
71 0.00770612976979
72 0.00751021632925
73 0.00731310091447
74 0.00713541661855
75 0.006963741933
76 0.00680328519084
77 0.00663501597941
78 0.0064933893783
79 0.006352363755
80 0.00620212335605
81 0.00606750802603
82 0.00592087341007
83 0.00578745994717
84 0.00566225963645
85 0.00555028046947
86 0.00544070515316
87 0.00532592150848
88 0.00522536060307
89 0.00512259618845
90 0.0050166266365
91 0.00491266033612
92 0.00482291674707
93 0.00473517635837
94 0.00464703534264
95 0.00455989588983
96 0.00447656258475
97 0.00439723567339
98 0.00432552089682
99 0.00425460746279
100 0.00418289270019
101 0.00411778854439
102 0.00405588949099
103 0.00399298886303
104 0.00393709941767
105 0.00387540068943
106 0.00381810903549
107 0.00376442312496
108 0.00371254011057
109 0.00366686702706
110 0.00362099362072
111 0.00357391830301
112 0.00353064906551
113 0.00349338945933
114 0.00344891830347
115 0.00340725163696
116 0.0033703926648
117 0.00332992791897
118 0.00329106574412
119 0.00325300484663
120 0.00321554491296
121 0.00318169074832
122 0.00314963946817
123 0.00311899043154
124 0.00308874203591
125 0.00305749203777
126 0.00302704332164
127 0.00300160261802
128 0.0029731571069
129 0.00294791672379
130 0.00292608178919
131 0.00290144236758
132 0.00287439909996
133 0.00284915871685
134 0.00282251609024
135 0.00279807698913
136 0.00277443917003
137 0.00275801288895
138 0.00273998404387
139 0.00271975167328
140 0.00269731577719
141 0.0026786859706
142 0.00266165872803
143 0.00264523244696
144 0.00262740392238
145 0.00260797283379
146 0.00259074527072
147 0.00257592155365
148 0.00256069719559
149 0.00254507219652
150 0.00252864591544
151 0.00251562508289
152 0.00250000008382
153 0.00248417476425
154 0.00247115393169
155 0.00245572925312
156 0.00244451130508
157 0.00243169079185
158 0.0024188702798
159 0.00240785265225
160 0.0023972356657
161 0.00238521643565
162 0.0023727965646
163 0.00236338149989
164 0.00235376611585
165 0.0023417468858
166 0.00233193118125
167 0.00231971162953
168 0.0023108975275
169 0.00230268438696
170 0.00229467156692
171 0.00228485586238
172 0.00227604176034
173 0.00226802894031
174 0.00226001612027
175 0.00225200329907
176 0.00224619400455
177 0.00223958342685
178 0.00223237188882
179 0.00222616195329
180 0.00221935105626
181 0.00220933503122
182 0.00220292477519
183 0.00219611387816
184 0.00219010426197
185 0.00218269240228
186 0.00217668278608
187 0.00217147445306
188 0.00216626612004
189 0.00215885425801
190 0.00215304496232
191 0.0021468350268
192 0.00214122605277
193 0.00213601771742
194 0.00213121002424
195 0.00212640233105
196 0.00212259624037
197 0.00211618598434
198 0.00210957540781
199 0.00210396643379
