0 10.1506856581
1 5.90556003153
2 4.72033036252
3 3.81165420016
4 3.94687056541
5 2.90297816197
6 3.103855066
7 2.45559563239
8 2.84343839933
9 2.69653672973
10 2.24859776596
11 2.12673613181
12 1.94978627066
13 1.65876519556
14 1.88635153075
15 1.77228009949
16 1.69437766696
17 2.08778486898
18 1.89581109832
19 1.79064280043
20 1.77506227046
21 1.46679133177
22 1.46400909871
23 1.4016871651
24 1.44008190061
25 1.53245193263
26 1.21249553437
27 1.14182690158
28 1.17354433363
29 1.28372063239
30 1.30430910115
31 1.51631496847
32 1.39389686907
33 1.39500976851
34 1.08840813239
35 1.54191146915
36 1.72887733206
37 1.42950946465
38 1.14627849932
39 1.15629453212
40 1.1301415662
41 1.32712336878
42 1.19357636819
43 0.952635332942
44 1.25422896817
45 1.17632656669
46 1.06503736849
47 1.08173076684
48 1.18133456757
49 1.22863246749
50 1.18300390119
51 1.11122240002
52 1.05390846729
53 1.16352830082
54 0.993255898356
55 0.837451033294
56 1.22362446661
57 1.3326878349
58 0.979901167254
59 0.887531166275
60 1.30097046494
61 0.981014066686
62 0.865829767038
63 0.811298067371
64 0.825209232668
65 1.25478543341
66 1.01495728207
67 0.834112366041
68 0.848023515816
69 0.995481697222
70 0.993812332551
71 0.876402218516
72 0.912014798572
73 1.44787213455
74 0.748976118242
75 1.28427706659
76 1.11456106727
77 1.03331999853
78 0.952078867704
79 1.07505340129
80 0.954304666569
81 1.12680289894
82 0.851362198591
83 0.99325585179
84 1.14961713552
85 1.16631053388
86 1.02441686516
87 0.8368945991
88 0.902555199961
89 0.77735488303
90 0.72449251699
91 0.884748933216
92 0.97155449912
93 1.07171473404
94 0.823539883519
95 1.02886843185
96 0.689436417694
97 0.983239881073
98 0.836894583578
99 0.821314084654
100 0.924813002348
101 0.750089017674
102 0.943175734331
103 1.06837606678
104 0.829104349638
105 0.802394933999
106 0.742855217929
107 0.820201231788
108 1.23364049941
109 0.785701582208
110 0.713363615796
111 0.855257284517
112 0.72449251699
113 0.813523866236
114 0.784032233059
115 0.972110933314
116 0.851918617263
117 1.40113069986
118 0.743411683167
119 0.734508549795
120 0.932603298376
121 0.881410265962
122 0.874732915933
123 1.07839209959
124 0.839676816637
125 0.895877834409
126 0.981570531925
127 0.801838499804
128 0.865273317322
129 0.927595235407
130 0.794048265864
131 0.906450332453
132 0.990473634253
133 1.07672273492
134 0.775129099687
135 1.10899660115
136 0.874732915933
137 0.862491099785
138 0.71670228305
139 0.915353434781
140 1.0633680659
141 0.744524567078
142 0.754540599883
143 0.725048966706
144 0.901442331572
145 0.708355583871
146 1.07338408319
147 1.15351228354
148 0.653823884204
149 0.820757665982
150 1.36941329887
151 0.835781715189
152 0.919805032512
153 0.676081748679
154 0.793491816148
155 0.949853084361
156 0.798499817029
157 0.805733601252
158 0.830217233549
159 0.876958683754
160 0.890869833529
161 0.739516550675
162 0.752871266256
163 0.863603999217
164 0.81408030043
165 0.714476515229
166 1.14127048291
167 0.775685518359
168 0.784588667254
169 0.794604700059
170 0.681646168232
171 0.787370915835
172 0.900329401096
173 0.89309560135
174 0.860821766158
175 1.09285966804
176 0.933716166764
177 1.06448093429
178 0.801282034566
179 0.993255867312
180 1.06670673316
181 0.922030800333
182 0.638799866041
183 0.807959415639
184 0.684428416813
185 0.822426984087
186 0.489115916813
187 0.623775801311
188 0.937054834018
189 0.636574082697
190 0.923143699765
191 0.918135683363
192 0.934829050675
193 0.96153843527
194 0.6226629174
195 0.88029736653
196 0.831886567175
197 0.805733632296
198 0.82075765046
199 0.987134966999
200 0.623219367117
201 0.798499832551
202 0.937054865062
203 0.837451048816
204 1.04111021695
205 0.796274018163
206 0.992142983402
207 0.726718300333
208 0.874176450695
209 0.795717599491
210 0.639912749951
211 0.762887283539
212 0.922030815855
213 0.859152448053
214 0.848579934488
215 1.23364049941
216 0.822426984087
217 0.993255898356
218 0.861378200352
219 0.807402950401
220 1.0639245001
221 0.780693550284
222 0.535857367019
223 0.88530536741
224 0.735064999511
225 0.723936067273
226 1.08896453554
227 1.02719906718
228 0.969885165493
229 0.888644050186
230 0.813523866236
231 0.781806434194
232 0.922587265571
233 0.928708150362
234 0.679420400411
235 0.79015311785
236 0.967659366628
237 0.624332266549
238 1.20581819986
239 0.952078898748
240 0.893095632394
241 0.842459049697
242 0.875289365649
243 0.874732931455
244 1.03498933216
245 0.666065715874
246 0.844128367802
247 0.711694266647
248 0.843015468369
249 0.85748306786
250 1.12123843282
251 0.651041651145
252 0.880853816246
253 0.84468483304
254 0.796830498924
255 0.772346851105
256 0.856370199472
257 1.11567396671
258 0.770121083284
259 0.724492532512
260 0.779580666373
261 1.32879273345
262 0.814636734625
263 0.77624199912
264 0.975449631612
265 1.03165063386
266 0.808515834312
267 0.807402950401
268 1.15629453212
269 1.19468926763
270 0.952078883226
271 1.13570600127
272 1.22751955253
273 1.07783563435
274 0.943175734331
275 1.31098649775
276 1.01551373179
277 0.787927365551
278 1.05891649922
279 0.843571949129
280 0.798499801507
281 1.23976139973
282 1.28872866432
283 0.901998734723
284 1.2275195991
285 0.929821065317
286 1.04667466755
287 0.840233281876
288 0.703347598513
289 0.918692117557
290 1.15629453212
291 1.09842414968
292 0.636574067175
293 1.25923703114
294 0.766782416031
295 1.01773948409
296 0.906450316931
297 0.61765491652
298 0.668291499217
299 0.757322832942
300 1.018852368
301 1.10343216608
302 0.874176450695
303 1.02386036888
304 1.11177883421
305 1.62649126723
306 0.859708882247
307 0.718371616676
308 0.878071567665
309 1.203592401
310 0.993255867312
311 1.08228720104
312 1.09063386917
313 1.07115829984
314 1.07672275044
315 0.976562484478
316 0.811298098415
317 1.18634259949
318 0.821870518848
319 1.35661506404
320 1.25645476704
321 0.898660082991
322 1.16686699912
323 1.19468929867
324 0.784588667254
325 1.32545403515
326 1.15351225249
327 0.898103633275
328 1.23197113474
329 1.21193910018
330 1.44175126528
331 0.86582978256
332 0.720597415542
333 1.40669516598
334 1.31209933509
335 0.774572634449
336 0.824096333236
337 1.21806000049
338 1.04834403222
339 0.928708165884
340 1.09230321832
341 0.843571918085
342 1.1963586323
343 1.03276353329
344 1.01440083236
345 0.852475082502
346 1.0322070991
347 1.21861646573
348 1.08228721656
349 0.829104349638
350 0.986578501761
351 0.869168449814
352 2.09167997042
353 1.03053773443
354 1.04277953506
355 1.26480146622
356 0.943175734331
357 1.24198718307
358 0.96376426518
359 1.12513350323
360 0.871950682874
361 1.00661056737
362 0.917022768408
363 0.932603298376
364 1.2514467972
365 1.22362448213
366 1.32434118229
367 1.51241983597
368 1.04723113279
369 1.10510146866
370 1.03220706806
371 1.21639066686
372 0.836894583578
373 1.30709133421
374 1.19691509753
375 1.15740743155
376 1.14460913464
377 0.855813749755
378 0.866942681993
379 0.817418998728
380 1.56472582991
381 1.5140891696
382 1.05947293341
383 1.5313390332
384 1.33491361824
385 0.996038100372
386 0.962094900509
387 0.938724198689
388 0.998820333431
389 0.96098203212
390 1.18968125122
391 1.48515400166
392 1.2030359668
393 1.18856836731
394 1.21026973551
395 1.02052173267
396 0.797943367312
397 1.39500981507
398 2.16290506845
399 1.12847223257
400 0.969885165493
401 1.0249733304
402 1.13459313288
403 1.0533520331
404 1.30931713308
405 1.50407319888
406 1.79008639728
407 1.25089033196
408 1.10064993302
409 1.6014511697
410 0.965990033001
411 1.2831641982
412 1.36051014997
413 1.02386039992
414 1.0077234668
415 0.802394933999
416 2.06385770192
417 1.26313210155
418 1.05947293341
419 1.44675923511
420 1.12068196759
421 0.860265331964
422 1.17688300088
423 1.14349626626
424 1.18133456757
425 1.55248398272
426 0.853587966412
427 1.28316416716
428 1.35271993155
429 0.93705484954
430 1.1924634998
431 0.954861116285
432 1.37553416813
433 1.04055376723
434 1.0255297025
435 1.3671875
436 1.16797986751
437 1.08006144874
438 1.27370456855
439 0.933159717048
440 1.25144676616
441 1.00716700157
442 1.14794781742
443 1.3599537313
444 1.06893250098
445 1.16686699912
446 0.912014767528
447 1.07338408319
448 1.37497773394
449 1.06837608231
450 1.0060541487
451 1.59421743204
452 0.68609775044
453 1.12402066588
454 1.40836449961
455 1.01718306541
456 1.58420136819
457 1.09397258299
458 1.72386930014
459 0.926482382541
460 1.0950854669
461 0.912571232766
462 0.983239834507
463 0.938167748973
464 1.28650286545
465 1.47903313239
466 1.21472136428
467 1.4367432644
468 1.40391296397
469 1.57919336731
470 0.924813064436
471 1.54747596631
472 1.34938123326
473 1.02831196661
474 1.84795673316
475 1.63205573335
476 1.1857861653
477 1.01273149873
478 1.53523419673
479 1.15239939963
480 1.27704326684
481 1.62871703506
482 0.88920048438
483 0.802951399237
484 1.0394408678
485 1.23308406522
486 0.930933933705
487 1.0589164837
488 1.75391736751
489 1.15462516745
490 0.87640224956
491 2.51680469761
492 0.835225249951
493 1.235309802
494 1.53189546739
495 1.16519763445
496 1.10510148418
497 1.93531873326
498 1.55916133275
499 1.75948180258
