0 0.0216566506959
1 0.0147036925703
2 0.0124974960089
3 0.0112172809802
4 0.0102193509368
5 0.00956830935553
6 0.00907168136444
7 0.00897135416046
8 0.00923544335645
9 0.00909188030753
10 0.00898821448907
11 0.00842230902053
12 0.00865635013208
13 0.00870976895094
14 0.00851495727897
15 0.00886702055112
16 0.00935446715914
17 0.00890224359464
18 0.00875617657788
19 0.00916866987478
20 0.00920072114328
21 0.00868673212826
22 0.00934478501789
23 0.00979300213512
24 0.00929270167369
25 0.00976078398991
26 0.010174445766
27 0.0106665664772
28 0.0103016493097
29 0.0115302817151
30 0.0123347355705
31 0.0119676482258
32 0.0120507812686
33 0.0125016693352
34 0.0120441039326
35 0.0134333265945
36 0.0134376669535
37 0.0132984441426
38 0.0143956998177
39 0.0138157719513
40 0.0148372395802
41 0.0154246794898
42 0.0153008145979
43 0.015441706744
44 0.0156966146082
45 0.0173335670261
46 0.01670289136
47 0.017260450013
48 0.0159134615958
49 0.0172849892871
50 0.0181416933704
51 0.0203009815561
52 0.019298377391
53 0.0195230702031
54 0.0197801482771
55 0.0219522903161
56 0.0212319710571
57 0.0201757812547
58 0.0225614316575
59 0.0204355301987
60 0.0229089876451
61 0.0241588207241
62 0.0235763888061
63 0.0239247796359
64 0.0230106502771
65 0.0228036526218
66 0.0250163595658
67 0.0278587406501
68 0.0236783854943
69 0.0251312097814
70 0.0279185028467
71 0.0249826388713
72 0.0251806223765
73 0.0289030783158
74 0.0285845685331
75 0.028332331609
76 0.0299265489541
77 0.0249427416548
78 0.029916199157
79 0.0301180220302
80 0.0268067240529
81 0.0272355769668
82 0.0281431957707
83 0.0266691705957
84 0.0287760416977
85 0.0269830061402
86 0.0295265758317
87 0.0288741987478
88 0.0280694111716
89 0.0265713474993
90 0.0276028311253
91 0.0288389757462
92 0.0269284187537
93 0.0275562566798
94 0.0287810496707
95 0.0284548611846
96 0.0274826389365
97 0.0312161123939
98 0.0302003204264
99 0.0251600895356
100 0.0329787658434
101 0.0297332398687
102 0.0301687700208
103 0.0295095487311
104 0.0295319175441
105 0.0291843616497
106 0.0287424880546
107 0.0271681357361
108 0.029332765853
109 0.0268556356337
110 0.0267558092903
111 0.0310815639189
112 0.0270412660111
113 0.0270138887968
114 0.0282370126341
115 0.0283433494624
116 0.029640257759
117 0.0325999932643
118 0.0264084202051
119 0.027045272449
120 0.026397402538
121 0.0316788527742
122 0.0280415331759
123 0.0284062834829
124 0.0254547273647
125 0.0282300012745
126 0.027304353686
127 0.0286900708266
128 0.0293711604271
129 0.0272846554592
130 0.0276914731134
131 0.0294055489311
132 0.0287506678514
133 0.0266830262728
134 0.0336124465801
135 0.0284364982788
136 0.0265099159162
137 0.0305598957278
138 0.0310767226573
139 0.0281271700654
140 0.0252021568269
141 0.027070980221
142 0.0262636884674
143 0.0273505943269
144 0.0265641693491
145 0.0264424746484
146 0.028414796954
147 0.0261616922077
148 0.0250100158993
149 0.0250602630293
150 0.0322796474304
151 0.0250879739597
152 0.0264327924512
153 0.0276642627735
154 0.0261015959922
155 0.0272662927397
156 0.0292621528078
157 0.0260752203688
158 0.0266932092514
159 0.0266840276588
160 0.0276772837155
161 0.028988715196
162 0.0255712473858
163 0.0269492856041
164 0.0241870325943
165 0.0241763488855
166 0.025545038823
167 0.0287067641038
168 0.0261720419768
169 0.0256966144871
170 0.0250549212564
171 0.0254310230818
172 0.0259802350774
173 0.0273282251414
174 0.0229246795131
175 0.0306590544805
176 0.0284029447846
177 0.0269350961549
178 0.0254921207856
179 0.0299828057503
180 0.0283151375968
181 0.0273080262076
182 0.0268197449949
183 0.0277811164875
184 0.0273519298248
185 0.0273192108655
186 0.0232772436598
187 0.0265369591489
188 0.0289598357771
189 0.0260865718685
190 0.0269562968425
191 0.0261651975941
192 0.0256368522253
193 0.0299001736194
194 0.0291292735003
195 0.0254452124797
196 0.0302201857045
197 0.0260413328931
198 0.0287074318435
199 0.0258071247581
200 0.0293521301169
201 0.0238565037958
202 0.0265803620266
203 0.0257663928904
204 0.0291718416102
205 0.0311373196729
206 0.0322469282802
207 0.0292397837341
208 0.0274494189676
209 0.0258308291808
210 0.0235673743859
211 0.0257203192078
212 0.0281096420763
213 0.0271693041362
214 0.0324866451509
215 0.0286418269854
216 0.0253664196655
217 0.0287548410287
218 0.0284600359388
219 0.0273851494584
220 0.0264810363902
221 0.0275921475049
222 0.0260807292117
223 0.0241718415311
224 0.0250222022273
225 0.028829794405
226 0.0272597822454
227 0.0244996995013
228 0.0260762219038
229 0.0292873595841
230 0.0276642627455
231 0.026359341722
232 0.0281660659332
233 0.0267270966154
234 0.0273681224138
235 0.0263232838642
236 0.0272364113666
237 0.0282698985282
238 0.0258663860708
239 0.0253974692198
240 0.0266950454004
241 0.0277443908341
242 0.0282540397393
243 0.0274818042293
244 0.0283308294555
245 0.0292397836968
246 0.0294118923834
247 0.0266458000243
248 0.0269097221363
249 0.0275751202088
250 0.0271095419209
251 0.0304138288833
252 0.0271728098486
253 0.0273500934569
254 0.0263359709829
255 0.0294704860402
256 0.0264109242428
257 0.02869925234
258 0.027748731235
259 0.025536859096
260 0.0250435696915
261 0.032212706944
262 0.0288514957298
263 0.0273821447138
264 0.027270132252
265 0.0280729166418
266 0.0265392961726
267 0.027139256075
268 0.0242611512728
269 0.0261523437127
270 0.0283685564762
271 0.029278846113
272 0.0291606571712
273 0.0291616586922
274 0.023615451334
275 0.0294130608905
276 0.0246275708126
277 0.0224020099733
278 0.026556323301
279 0.026579527203
280 0.0249212073069
281 0.0263254540507
282 0.0238090945547
283 0.0273500934988
284 0.026889356263
285 0.0259221420484
286 0.028169404394
287 0.0269516226975
288 0.0255627336912
289 0.0254515558109
290 0.0266855302081
291 0.0276762820594
292 0.0265613314044
293 0.0285969219077
294 0.0264955594856
295 0.0268068909924
296 0.0283069578325
297 0.028029013183
298 0.0269603033178
299 0.0270950186998
