0 0.0213984041009
1 0.0141593215521
2 0.0117494657915
3 0.0101866319263
4 0.00883663859218
5 0.00781934426632
6 0.00723257214762
7 0.00642578121973
8 0.00649071848486
9 0.00628355365945
10 0.00606002936838
11 0.00559945910005
12 0.00572349092225
13 0.00545606303727
14 0.00566890357528
15 0.00564503204077
16 0.0058340010955
17 0.00582248265157
18 0.00551866319962
19 0.00584852431901
20 0.00596287391847
21 0.005624332265
22 0.00607839206699
23 0.00632595487172
24 0.00601128471317
25 0.00647085336503
26 0.00659505210817
27 0.00686131141149
28 0.00686131140916
29 0.00751969817095
30 0.00795806623064
31 0.00782435230445
32 0.00797142093303
33 0.00811264694436
34 0.00806106437929
35 0.00881810897263
36 0.0089357972797
37 0.00894598022569
38 0.00950954864267
39 0.0092641560128
40 0.00989933889359
41 0.0105313501414
42 0.010435864022
43 0.0107769097108
44 0.0107017895114
45 0.0117644898687
46 0.0114321247162
47 0.0120868389402
48 0.0113621794851
49 0.0123828124674
50 0.0128685898101
51 0.0137833867595
52 0.0136298076902
53 0.0138608439872
54 0.0142194177816
55 0.0154266827321
56 0.0150731170457
57 0.0149736244371
58 0.0164690171136
59 0.0153195112292
60 0.0169706530124
61 0.0182016224926
62 0.0175407318398
63 0.0182259949483
64 0.0173961672187
65 0.0177994791418
66 0.0196162192384
67 0.0210980903311
68 0.0185730501823
69 0.0199063501228
70 0.0219150640164
71 0.019922208949
72 0.020318008773
73 0.0232072983775
74 0.0230583934113
75 0.0238104300061
76 0.0245010351669
77 0.0205832664715
78 0.0246128805401
79 0.02521617922
80 0.0227397169173
81 0.0230216680467
82 0.0233745660447
83 0.0220584603027
84 0.0245203992771
85 0.0229271834437
86 0.0252876269165
87 0.0247010216769
88 0.0242619857751
89 0.0224031784665
90 0.0242003872525
91 0.0245476095332
92 0.0235146233812
93 0.0232812499115
94 0.0242441238603
95 0.0239857104747
96 0.0230819309596
97 0.0271243990958
98 0.0258378405124
99 0.0208707265509
100 0.0286655315012
101 0.0248120325431
102 0.0253932960238
103 0.0254323585238
104 0.0250549210794
105 0.0248524306482
106 0.0235770564713
107 0.0230428685714
108 0.0247389157349
109 0.022452257066
110 0.0226297075395
111 0.0264743589424
112 0.0230246726889
113 0.0230732505722
114 0.0238523304835
115 0.0245801617671
116 0.0259575320594
117 0.0278966346569
118 0.0226864649542
119 0.023042200841
120 0.0224061832344
121 0.026081563835
122 0.0240992253646
123 0.023873530929
124 0.0215269431658
125 0.0242471287772
126 0.0236000936106
127 0.0240284454357
128 0.0251385548571
129 0.0234047810081
130 0.0238117654249
131 0.0247567775846
132 0.0247549413331
133 0.0233061231999
134 0.0279785990436
135 0.0240997261694
136 0.0231492054323
137 0.0259047809616
138 0.0266746795364
139 0.0235418335954
140 0.0211096087983
141 0.0230356905935
142 0.0223995059542
143 0.023394931932
144 0.022390658455
145 0.0225195313198
146 0.0239032451622
147 0.0224167000502
148 0.0214419738716
149 0.0217087339703
150 0.0270579593256
151 0.0212287993077
152 0.0224155314639
153 0.0242953725951
154 0.0228542332677
155 0.0232421874814
156 0.0249337273743
157 0.0220107170986
158 0.0229308560258
159 0.0229694177117
160 0.0240065772645
161 0.0247485979088
162 0.0217200855538
163 0.0228745994158
164 0.0208999398723
165 0.0209139624517
166 0.0222455930151
167 0.0239643429685
168 0.0225200320873
169 0.021927417214
170 0.0217646567803
171 0.0220168937789
172 0.0221315772273
173 0.0231815905869
174 0.0199172008922
175 0.0263726962078
176 0.0240848693065
177 0.0230194979906
178 0.0214454793697
179 0.0257116385782
180 0.0240860376274
181 0.0232548745396
182 0.0226485710591
183 0.0234410056099
184 0.0242028912343
185 0.0238196113147
186 0.0203816105518
187 0.022570779901
188 0.0248090277379
189 0.0215342881717
190 0.0230769230612
191 0.0231750802044
192 0.0217860243749
193 0.0260570245562
194 0.0249210402509
195 0.0217584803049
196 0.0258445178159
197 0.0227415530663
198 0.0250826320704
199 0.0219347622618
200 0.0248076922866
201 0.0206532117911
202 0.0231191573758
203 0.0220756543661
204 0.0249547609128
205 0.0262311363686
206 0.027427216908
207 0.0249736244604
208 0.0235321514588
209 0.0222851563105
210 0.0203128338465
211 0.022329059802
212 0.0240261085751
213 0.0235189636145
214 0.0280311833322
215 0.0250821313728
216 0.0217988782562
217 0.0246823250689
218 0.024408386834
219 0.0234505208582
220 0.0225674412586
221 0.0238124330761
222 0.0222978431405
223 0.0207907652669
224 0.0218456196692
225 0.0246517762356
226 0.0230645698868
227 0.0209675480286
228 0.0227645900706
229 0.0253769363184
230 0.0238291265164
231 0.0225843015779
232 0.0240603300091
233 0.0231750800833
234 0.0234877470322
235 0.02287910657
236 0.0235722154472
237 0.0240049078036
238 0.0222950054286
239 0.0219654780626
240 0.0230847688764
241 0.0243159054639
242 0.0241831930121
243 0.0232765757618
244 0.0243750000093
245 0.024953926336
246 0.0253180088568
247 0.0230866051791
248 0.0232094683824
249 0.0233912592195
250 0.023631310272
251 0.0266307758261
252 0.0237429887895
253 0.023759849146
254 0.0224726228602
255 0.0252797810873
256 0.0231635617651
257 0.0248507612199
258 0.0243918604124
259 0.022460269779
260 0.0213368054479
261 0.0277736044396
262 0.0242830196675
263 0.0231138153933
264 0.0232989448542
265 0.0240095819067
266 0.0232799143763
267 0.0233817440365
268 0.0211593549419
269 0.0226817907579
270 0.0248140357994
271 0.0247107037716
272 0.0249993323628
273 0.0251649306947
274 0.0205148237478
275 0.0254770966712
276 0.0215778578958
277 0.0194795005396
278 0.0229961271025
279 0.0226891359128
280 0.0215332865342
281 0.0229926215531
282 0.0209712205688
283 0.0238099291828
284 0.0229787660297
285 0.0221028644266
286 0.0244743256131
287 0.0228861177526
288 0.0220048744325
289 0.0220033720462
290 0.0235565238167
291 0.0242584802257
292 0.0233171408204
293 0.0244312567636
294 0.0229714208795
295 0.0234501870256
296 0.024271834949
297 0.024162159469
298 0.0233652176568
299 0.0235800613929
